242
242
242
112
113
0
0
0,0.0000000000
1,0.0000000000
2,0.0000000000
3,0.0000000000
4,0.0000000000
5,0.0000000000
6,0.0000000000
7,0.0000000000
8,0.0000000000
9,0.0000000000
10,0.0000000000
11,0.0000000000
12,0.0000000000
13,0.0000000000
14,0.0000000000
15,0.0000000000
16,-100.0000000000
17,-100.0000000000
18,-100.0000000000
19,-100.0000000000
20,-100.0000000000
21,-100.0000000000
22,-100.0000000000
23,-100.0000000000
24,-100.0000000000
25,-100.0000000000
26,-100.0000000000
27,-100.0000000000
28,-100.0000000000
29,-100.0000000000
30,-100.0000000000
31,-100.0000000000
32,-100.0000000000
33,-100.0000000000
34,-100.0000000000
35,-100.0000000000
36,-100.0000000000
37,-100.0000000000
38,-100.0000000000
39,-100.0000000000
40,-100.0000000000
41,-100.0000000000
42,-100.0000000000
43,-100.0000000000
44,-100.0000000000
45,-100.0000000000
46,-100.0000000000
47,-100.0000000000
48,-100.0000000000
49,-100.0000000000
50,-100.0000000000
51,-100.0000000000
52,-100.0000000000
53,-100.0000000000
54,-100.0000000000
55,-100.0000000000
56,-100.0000000000
57,-100.0000000000
58,-100.0000000000
59,-100.0000000000
60,-100.0000000000
61,-100.0000000000
62,-100.0000000000
63,-100.0000000000
64,-100.0000000000
65,-100.0000000000
66,-100.0000000000
67,-100.0000000000
68,-100.0000000000
69,-100.0000000000
70,-100.0000000000
71,-100.0000000000
72,-100.0000000000
73,-100.0000000000
74,-100.0000000000
75,-100.0000000000
76,-100.0000000000
77,-100.0000000000
78,-100.0000000000
79,-100.0000000000
80,-100.0000000000
81,-100.0000000000
82,-100.0000000000
83,-100.0000000000
84,-100.0000000000
85,-100.0000000000
86,-100.0000000000
87,-100.0000000000
88,-100.0000000000
89,-100.0000000000
90,-100.0000000000
91,-100.0000000000
92,-100.0000000000
93,-100.0000000000
94,-100.0000000000
95,-100.0000000000
96,-100.0000000000
97,-100.0000000000
98,-100.0000000000
99,-100.0000000000
100,-100.0000000000
101,-100.0000000000
102,-100.0000000000
103,-100.0000000000
104,-100.0000000000
105,-100.0000000000
106,-100.0000000000
107,-100.0000000000
108,-100.0000000000
109,-100.0000000000
110,-100.0000000000
111,-100.0000000000
112,-100.0000000000
113,-100.0000000000
114,-100.0000000000
115,-100.0000000000
116,-100.0000000000
117,-100.0000000000
118,-100.0000000000
119,-100.0000000000
120,-100.0000000000
121,-100.0000000000
122,-100.0000000000
123,-100.0000000000
124,-100.0000000000
125,-100.0000000000
126,-100.0000000000
127,-100.0000000000
128,-100.0000000000
129,-100.0000000000
130,-100.0000000000
131,-100.0000000000
132,-100.0000000000
133,-100.0000000000
134,-100.0000000000
135,-100.0000000000
136,-100.0000000000
137,-100.0000000000
138,-100.0000000000
139,-100.0000000000
140,-100.0000000000
141,-100.0000000000
142,-100.0000000000
143,-100.0000000000
144,-100.0000000000
145,-100.0000000000
146,-100.0000000000
147,-100.0000000000
148,-100.0000000000
149,-100.0000000000
150,-100.0000000000
151,-100.0000000000
152,-100.0000000000
153,-100.0000000000
154,-100.0000000000
155,-100.0000000000
156,-100.0000000000
157,-100.0000000000
158,-100.0000000000
159,-100.0000000000
160,-100.0000000000
161,-100.0000000000
162,-100.0000000000
163,-100.0000000000
164,-100.0000000000
165,-100.0000000000
166,-100.0000000000
167,-100.0000000000
168,-100.0000000000
169,-100.0000000000
170,-100.0000000000
171,-100.0000000000
172,-100.0000000000
173,-100.0000000000
174,-100.0000000000
175,-100.0000000000
176,-100.0000000000
177,-100.0000000000
178,-100.0000000000
179,-100.0000000000
180,-100.0000000000
181,-100.0000000000
182,-100.0000000000
183,-100.0000000000
184,-100.0000000000
185,-100.0000000000
186,-100.0000000000
187,-100.0000000000
188,-100.0000000000
189,-100.0000000000
190,-100.0000000000
191,-100.0000000000
192,-100.0000000000
193,-100.0000000000
194,-100.0000000000
195,-100.0000000000
196,-100.0000000000
197,-100.0000000000
198,-100.0000000000
199,-100.0000000000
200,-100.0000000000
201,-100.0000000000
202,-100.0000000000
203,-100.0000000000
204,-100.0000000000
205,-100.0000000000
206,-100.0000000000
207,-100.0000000000
208,-100.0000000000
209,-100.0000000000
210,-100.0000000000
211,-100.0000000000
212,-100.0000000000
213,-100.0000000000
214,-100.0000000000
215,-100.0000000000
216,-100.0000000000
217,-100.0000000000
218,-100.0000000000
219,-100.0000000000
220,-100.0000000000
221,-100.0000000000
222,-100.0000000000
223,-100.0000000000
224,-100.0000000000
225,-100.0000000000
226,-100.0000000000
227,-100.0000000000
228,-100.0000000000
229,-100.0000000000
230,-100.0000000000
231,-100.0000000000
232,-100.0000000000
233,-100.0000000000
234,-100.0000000000
235,-100.0000000000
236,-100.0000000000
237,-100.0000000000
238,-100.0000000000
239,-100.0000000000
240,-100.0000000000
241,0.1000000000
0,1.0000000000
1,1.0000000000
2,1.0000000000
3,1.0000000000
4,1.0000000000
5,1.0000000000
6,1.0000000000
7,1.0000000000
8,1.0000000000
9,1.0000000000
10,1.0000000000
11,1.0000000000
12,1.0000000000
13,1.0000000000
14,1.0000000000
15,1.0000000000
16,100.0000000000
17,100.0000000000
18,100.0000000000
19,100.0000000000
20,100.0000000000
21,100.0000000000
22,100.0000000000
23,100.0000000000
24,100.0000000000
25,100.0000000000
26,100.0000000000
27,100.0000000000
28,100.0000000000
29,100.0000000000
30,100.0000000000
31,100.0000000000
32,100.0000000000
33,100.0000000000
34,100.0000000000
35,100.0000000000
36,100.0000000000
37,100.0000000000
38,100.0000000000
39,100.0000000000
40,100.0000000000
41,100.0000000000
42,100.0000000000
43,100.0000000000
44,100.0000000000
45,100.0000000000
46,100.0000000000
47,100.0000000000
48,100.0000000000
49,100.0000000000
50,100.0000000000
51,100.0000000000
52,100.0000000000
53,100.0000000000
54,100.0000000000
55,100.0000000000
56,100.0000000000
57,100.0000000000
58,100.0000000000
59,100.0000000000
60,100.0000000000
61,100.0000000000
62,100.0000000000
63,100.0000000000
64,100.0000000000
65,100.0000000000
66,100.0000000000
67,100.0000000000
68,100.0000000000
69,100.0000000000
70,100.0000000000
71,100.0000000000
72,100.0000000000
73,100.0000000000
74,100.0000000000
75,100.0000000000
76,100.0000000000
77,100.0000000000
78,100.0000000000
79,100.0000000000
80,100.0000000000
81,100.0000000000
82,100.0000000000
83,100.0000000000
84,100.0000000000
85,100.0000000000
86,100.0000000000
87,100.0000000000
88,100.0000000000
89,100.0000000000
90,100.0000000000
91,100.0000000000
92,100.0000000000
93,100.0000000000
94,100.0000000000
95,100.0000000000
96,100.0000000000
97,100.0000000000
98,100.0000000000
99,100.0000000000
100,100.0000000000
101,100.0000000000
102,100.0000000000
103,100.0000000000
104,100.0000000000
105,100.0000000000
106,100.0000000000
107,100.0000000000
108,100.0000000000
109,100.0000000000
110,100.0000000000
111,100.0000000000
112,100.0000000000
113,100.0000000000
114,100.0000000000
115,100.0000000000
116,100.0000000000
117,100.0000000000
118,100.0000000000
119,100.0000000000
120,100.0000000000
121,100.0000000000
122,100.0000000000
123,100.0000000000
124,100.0000000000
125,100.0000000000
126,100.0000000000
127,100.0000000000
128,100.0000000000
129,100.0000000000
130,100.0000000000
131,100.0000000000
132,100.0000000000
133,100.0000000000
134,100.0000000000
135,100.0000000000
136,100.0000000000
137,100.0000000000
138,100.0000000000
139,100.0000000000
140,100.0000000000
141,100.0000000000
142,100.0000000000
143,100.0000000000
144,100.0000000000
145,100.0000000000
146,100.0000000000
147,100.0000000000
148,100.0000000000
149,100.0000000000
150,100.0000000000
151,100.0000000000
152,100.0000000000
153,100.0000000000
154,100.0000000000
155,100.0000000000
156,100.0000000000
157,100.0000000000
158,100.0000000000
159,100.0000000000
160,100.0000000000
161,100.0000000000
162,100.0000000000
163,100.0000000000
164,100.0000000000
165,100.0000000000
166,100.0000000000
167,100.0000000000
168,100.0000000000
169,100.0000000000
170,100.0000000000
171,100.0000000000
172,100.0000000000
173,100.0000000000
174,100.0000000000
175,100.0000000000
176,100.0000000000
177,100.0000000000
178,100.0000000000
179,100.0000000000
180,100.0000000000
181,100.0000000000
182,100.0000000000
183,100.0000000000
184,100.0000000000
185,100.0000000000
186,100.0000000000
187,100.0000000000
188,100.0000000000
189,100.0000000000
190,100.0000000000
191,100.0000000000
192,100.0000000000
193,100.0000000000
194,100.0000000000
195,100.0000000000
196,100.0000000000
197,100.0000000000
198,100.0000000000
199,100.0000000000
200,100.0000000000
201,100.0000000000
202,100.0000000000
203,100.0000000000
204,100.0000000000
205,100.0000000000
206,100.0000000000
207,100.0000000000
208,100.0000000000
209,100.0000000000
210,100.0000000000
211,100.0000000000
212,100.0000000000
213,100.0000000000
214,100.0000000000
215,100.0000000000
216,100.0000000000
217,100.0000000000
218,100.0000000000
219,100.0000000000
220,100.0000000000
221,100.0000000000
222,100.0000000000
223,100.0000000000
224,100.0000000000
225,100.0000000000
226,100.0000000000
227,100.0000000000
228,100.0000000000
229,100.0000000000
230,100.0000000000
231,100.0000000000
232,100.0000000000
233,100.0000000000
234,100.0000000000
235,100.0000000000
236,100.0000000000
237,100.0000000000
238,100.0000000000
239,100.0000000000
240,100.0000000000
241,0.5000000000
0,0,0.0000000000,16,-1.0000000000,0,1.0000000000,1,1.0000000000,2,-1.0000000000,3,-1.0000000000,4,0.0000000000,5,0.0000000000,6,1.0000000000,7,1.0000000000,8,2.0000000000,9,2.0000000000,10,-1.0000000000,11,-1.0000000000,12,1.0000000000,13,0.0000000000,14,2.0000000000
1,0,0.0000000000,17,-1.0000000000,0,-1.0000000000,1,1.0000000000,2,-2.0000000000,3,-1.0000000000,4,2.0000000000,5,1.0000000000,6,-1.0000000000,7,1.0000000000,8,1.0000000000,9,0.0000000000,10,0.0000000000,11,-1.0000000000,12,1.0000000000,13,-2.0000000000,14,-1.0000000000
2,0,0.0000000000,18,-1.0000000000,0,-1.0000000000,1,-2.0000000000,2,0.0000000000,3,-1.0000000000,4,1.0000000000,5,-1.0000000000,6,-1.0000000000,7,1.0000000000,8,1.0000000000,9,0.0000000000,10,1.0000000000,11,-1.0000000000,12,0.0000000000,13,2.0000000000,14,1.0000000000
3,0,0.0000000000,19,-1.0000000000,0,2.0000000000,1,1.0000000000,2,-1.0000000000,3,-1.0000000000,4,1.0000000000,5,2.0000000000,6,0.0000000000,7,0.0000000000,8,-2.0000000000,9,1.0000000000,10,2.0000000000,11,-1.0000000000,12,-1.0000000000,13,2.0000000000,14,1.0000000000
4,0,0.0000000000,20,-1.0000000000,0,0.0000000000,1,0.0000000000,2,-2.0000000000,3,2.0000000000,4,1.0000000000,5,0.0000000000,6,1.0000000000,7,1.0000000000,8,1.0000000000,9,0.0000000000,10,-1.0000000000,11,2.0000000000,12,-1.0000000000,13,-2.0000000000,14,1.0000000000
5,0,0.0000000000,21,-1.0000000000,0,0.0000000000,1,2.0000000000,2,1.0000000000,3,2.0000000000,4,0.0000000000,5,-1.0000000000,6,-2.0000000000,7,2.0000000000,8,1.0000000000,9,-1.0000000000,10,-2.0000000000,11,-1.0000000000,12,-1.0000000000,13,1.0000000000,14,0.0000000000
6,0,0.0000000000,22,-1.0000000000,0,1.0000000000,1,0.0000000000,2,2.0000000000,3,0.0000000000,4,2.0000000000,5,2.0000000000,6,1.0000000000,7,2.0000000000,8,0.0000000000,9,-2.0000000000,10,-2.0000000000,11,-1.0000000000,12,1.0000000000,13,1.0000000000,14,-1.0000000000
7,0,0.0000000000,23,-1.0000000000,0,1.0000000000,1,-1.0000000000,2,0.0000000000,3,0.0000000000,4,2.0000000000,5,1.0000000000,6,2.0000000000,7,2.0000000000,8,-2.0000000000,9,2.0000000000,10,-2.0000000000,11,-2.0000000000,12,0.0000000000,13,-2.0000000000,14,0.0000000000
8,0,0.0000000000,24,-1.0000000000,0,1.0000000000,1,-1.0000000000,2,2.0000000000,3,-1.0000000000,4,2.0000000000,5,1.0000000000,6,-2.0000000000,7,2.0000000000,8,-1.0000000000,9,-2.0000000000,10,0.0000000000,11,-2.0000000000,12,-1.0000000000,13,-2.0000000000,14,2.0000000000
9,0,0.0000000000,25,-1.0000000000,0,-1.0000000000,1,1.0000000000,2,1.0000000000,3,0.0000000000,4,-1.0000000000,5,-1.0000000000,6,0.0000000000,7,-2.0000000000,8,2.0000000000,9,0.0000000000,10,0.0000000000,11,-2.0000000000,12,-2.0000000000,13,-2.0000000000,14,1.0000000000
10,0,0.0000000000,26,-1.0000000000,0,2.0000000000,1,1.0000000000,2,-1.0000000000,3,2.0000000000,4,0.0000000000,5,1.0000000000,6,2.0000000000,7,1.0000000000,8,-2.0000000000,9,1.0000000000,10,2.0000000000,11,-2.0000000000,12,-2.0000000000,13,-2.0000000000,14,0.0000000000
11,0,0.0000000000,27,-1.0000000000,0,-2.0000000000,1,0.0000000000,2,2.0000000000,3,2.0000000000,4,2.0000000000,5,-2.0000000000,6,-2.0000000000,7,-2.0000000000,8,0.0000000000,9,0.0000000000,10,-2.0000000000,11,2.0000000000,12,1.0000000000,13,0.0000000000,14,0.0000000000
12,0,0.0000000000,28,-1.0000000000,0,0.0000000000,1,-1.0000000000,2,-2.0000000000,3,2.0000000000,4,2.0000000000,5,2.0000000000,6,2.0000000000,7,0.0000000000,8,0.0000000000,9,0.0000000000,10,0.0000000000,11,0.0000000000,12,-2.0000000000,13,2.0000000000,14,-2.0000000000
13,0,0.0000000000,29,-1.0000000000,0,0.0000000000,1,-2.0000000000,2,0.0000000000,3,0.0000000000,4,-2.0000000000,5,0.0000000000,6,-1.0000000000,7,0.0000000000,8,-1.0000000000,9,0.0000000000,10,-2.0000000000,11,-1.0000000000,12,0.0000000000,13,1.0000000000,14,1.0000000000
14,0,0.0000000000,30,-1.0000000000,0,0.0000000000,1,1.0000000000,2,0.0000000000,3,-1.0000000000,4,-1.0000000000,5,-1.0000000000,6,2.0000000000,7,1.0000000000,8,0.0000000000,9,2.0000000000,10,-1.0000000000,11,2.0000000000,12,-1.0000000000,13,-1.0000000000,14,-2.0000000000
15,0,0.0000000000,31,-1.0000000000,0,1.0000000000,1,0.0000000000,2,-2.0000000000,3,-1.0000000000,4,2.0000000000,5,-2.0000000000,6,0.0000000000,7,1.0000000000,8,1.0000000000,9,-2.0000000000,10,-2.0000000000,11,-1.0000000000,12,0.0000000000,13,1.0000000000,14,-2.0000000000
16,0,0.0000000000,32,-1.0000000000,0,1.0000000000,1,1.0000000000,2,-2.0000000000,3,0.0000000000,4,0.0000000000,5,2.0000000000,6,0.0000000000,7,-2.0000000000,8,1.0000000000,9,1.0000000000,10,2.0000000000,11,0.0000000000,12,-2.0000000000,13,2.0000000000,14,0.0000000000
17,0,0.0000000000,33,-1.0000000000,0,-2.0000000000,1,2.0000000000,2,1.0000000000,3,0.0000000000,4,-1.0000000000,5,-2.0000000000,6,-2.0000000000,7,1.0000000000,8,0.0000000000,9,2.0000000000,10,2.0000000000,11,-2.0000000000,12,1.0000000000,13,1.0000000000,14,0.0000000000
18,0,0.0000000000,34,-1.0000000000,0,0.0000000000,1,-1.0000000000,2,1.0000000000,3,0.0000000000,4,1.0000000000,5,-1.0000000000,6,0.0000000000,7,2.0000000000,8,-2.0000000000,9,-1.0000000000,10,0.0000000000,11,-1.0000000000,12,-2.0000000000,13,1.0000000000,14,1.0000000000
19,0,0.0000000000,35,-1.0000000000,0,0.0000000000,1,1.0000000000,2,-1.0000000000,3,1.0000000000,4,2.0000000000,5,-1.0000000000,6,2.0000000000,7,2.0000000000,8,0.0000000000,9,2.0000000000,10,1.0000000000,11,-2.0000000000,12,-2.0000000000,13,-2.0000000000,14,0.0000000000
20,0,0.0000000000,36,-1.0000000000,0,1.0000000000,1,-2.0000000000,2,0.0000000000,3,2.0000000000,4,-1.0000000000,5,-1.0000000000,6,-2.0000000000,7,2.0000000000,8,-2.0000000000,9,0.0000000000,10,0.0000000000,11,2.0000000000,12,1.0000000000,13,0.0000000000,14,0.0000000000
21,0,0.0000000000,37,-1.0000000000,0,2.0000000000,1,1.0000000000,2,0.0000000000,3,1.0000000000,4,0.0000000000,5,0.0000000000,6,-2.0000000000,7,-1.0000000000,8,0.0000000000,9,-1.0000000000,10,1.0000000000,11,2.0000000000,12,-1.0000000000,13,1.0000000000,14,2.0000000000
22,0,0.0000000000,38,-1.0000000000,0,-2.0000000000,1,-1.0000000000,2,1.0000000000,3,2.0000000000,4,0.0000000000,5,-1.0000000000,6,1.0000000000,7,0.0000000000,8,-1.0000000000,9,-1.0000000000,10,2.0000000000,11,2.0000000000,12,-2.0000000000,13,-1.0000000000,14,0.0000000000
23,0,0.0000000000,39,-1.0000000000,0,-2.0000000000,1,2.0000000000,2,1.0000000000,3,2.0000000000,4,-2.0000000000,5,0.0000000000,6,-1.0000000000,7,0.0000000000,8,-1.0000000000,9,1.0000000000,10,0.0000000000,11,2.0000000000,12,-1.0000000000,13,2.0000000000,14,1.0000000000
24,0,0.0000000000,40,-1.0000000000,0,-1.0000000000,1,0.0000000000,2,-1.0000000000,3,-1.0000000000,4,-2.0000000000,5,-2.0000000000,6,-2.0000000000,7,-2.0000000000,8,-2.0000000000,9,-1.0000000000,10,1.0000000000,11,-1.0000000000,12,2.0000000000,13,-2.0000000000,14,-2.0000000000
25,0,0.0000000000,41,-1.0000000000,0,2.0000000000,1,0.0000000000,2,2.0000000000,3,0.0000000000,4,0.0000000000,5,-2.0000000000,6,2.0000000000,7,-1.0000000000,8,0.0000000000,9,1.0000000000,10,0.0000000000,11,2.0000000000,12,-1.0000000000,13,1.0000000000,14,2.0000000000
26,0,0.0000000000,42,-1.0000000000,0,0.0000000000,1,0.0000000000,2,2.0000000000,3,-2.0000000000,4,2.0000000000,5,0.0000000000,6,-2.0000000000,7,-1.0000000000,8,0.0000000000,9,-1.0000000000,10,-2.0000000000,11,1.0000000000,12,0.0000000000,13,0.0000000000,14,2.0000000000
27,0,0.0000000000,43,-1.0000000000,0,2.0000000000,1,-2.0000000000,2,0.0000000000,3,-2.0000000000,4,-1.0000000000,5,2.0000000000,6,0.0000000000,7,-2.0000000000,8,1.0000000000,9,0.0000000000,10,1.0000000000,11,2.0000000000,12,2.0000000000,13,1.0000000000,14,2.0000000000
28,0,0.0000000000,44,-1.0000000000,0,0.0000000000,1,1.0000000000,2,0.0000000000,3,2.0000000000,4,2.0000000000,5,-1.0000000000,6,2.0000000000,7,2.0000000000,8,-2.0000000000,9,2.0000000000,10,0.0000000000,11,0.0000000000,12,2.0000000000,13,1.0000000000,14,-2.0000000000
29,0,0.0000000000,45,-1.0000000000,0,1.0000000000,1,-2.0000000000,2,2.0000000000,3,2.0000000000,4,0.0000000000,5,-2.0000000000,6,0.0000000000,7,1.0000000000,8,0.0000000000,9,2.0000000000,10,-1.0000000000,11,-1.0000000000,12,1.0000000000,13,1.0000000000,14,-1.0000000000
30,0,0.0000000000,46,-1.0000000000,0,2.0000000000,1,1.0000000000,2,0.0000000000,3,1.0000000000,4,1.0000000000,5,-1.0000000000,6,-1.0000000000,7,-2.0000000000,8,2.0000000000,9,2.0000000000,10,-1.0000000000,11,-1.0000000000,12,1.0000000000,13,1.0000000000,14,2.0000000000
31,0,0.0000000000,47,-1.0000000000,0,2.0000000000,1,1.0000000000,2,2.0000000000,3,-1.0000000000,4,-2.0000000000,5,2.0000000000,6,-2.0000000000,7,-1.0000000000,8,-2.0000000000,9,-2.0000000000,10,2.0000000000,11,-2.0000000000,12,-1.0000000000,13,-2.0000000000,14,1.0000000000
32,0,0.0000000000,80,-1.0000000000,48,-2.0000000000,49,0.0000000000,50,1.0000000000,51,0.0000000000,52,2.0000000000,53,-2.0000000000,54,2.0000000000,55,2.0000000000,56,0.0000000000,57,-1.0000000000,58,-2.0000000000,59,-1.0000000000,60,2.0000000000,61,2.0000000000,62,2.0000000000,63,-2.0000000000,64,1.0000000000,65,0.0000000000,66,-2.0000000000,67,-1.0000000000,68,2.0000000000,69,-1.0000000000,70,1.0000000000,71,-1.0000000000,72,-2.0000000000,73,0.0000000000,74,1.0000000000,75,-2.0000000000,76,2.0000000000,77,1.0000000000,78,0.0000000000,79,-1.0000000000
33,0,0.0000000000,81,-1.0000000000,48,-1.0000000000,49,-2.0000000000,50,2.0000000000,51,-1.0000000000,52,-1.0000000000,53,-2.0000000000,54,-2.0000000000,55,-2.0000000000,56,-2.0000000000,57,1.0000000000,58,-2.0000000000,59,2.0000000000,60,-2.0000000000,61,1.0000000000,62,2.0000000000,63,-1.0000000000,64,2.0000000000,65,-2.0000000000,66,2.0000000000,67,-2.0000000000,68,-1.0000000000,69,0.0000000000,70,1.0000000000,71,2.0000000000,72,1.0000000000,73,1.0000000000,74,1.0000000000,75,-2.0000000000,76,-2.0000000000,77,2.0000000000,78,-1.0000000000,79,0.0000000000
34,0,0.0000000000,82,-1.0000000000,48,-1.0000000000,49,0.0000000000,50,2.0000000000,51,1.0000000000,52,0.0000000000,53,-2.0000000000,54,-1.0000000000,55,2.0000000000,56,1.0000000000,57,2.0000000000,58,0.0000000000,59,0.0000000000,60,-1.0000000000,61,-2.0000000000,62,-2.0000000000,63,1.0000000000,64,2.0000000000,65,0.0000000000,66,-1.0000000000,67,0.0000000000,68,2.0000000000,69,1.0000000000,70,-2.0000000000,71,0.0000000000,72,0.0000000000,73,-2.0000000000,74,0.0000000000,75,-2.0000000000,76,-2.0000000000,77,2.0000000000,78,0.0000000000,79,2.0000000000
35,0,0.0000000000,83,-1.0000000000,48,0.0000000000,49,1.0000000000,50,1.0000000000,51,-2.0000000000,52,-1.0000000000,53,0.0000000000,54,0.0000000000,55,-2.0000000000,56,1.0000000000,57,1.0000000000,58,2.0000000000,59,0.0000000000,60,1.0000000000,61,2.0000000000,62,0.0000000000,63,-1.0000000000,64,1.0000000000,65,0.0000000000,66,0.0000000000,67,2.0000000000,68,-1.0000000000,69,1.0000000000,70,1.0000000000,71,-2.0000000000,72,2.0000000000,73,-2.0000000000,74,-2.0000000000,75,1.0000000000,76,-2.0000000000,77,-1.0000000000,78,-2.0000000000,79,-2.0000000000
36,0,0.0000000000,84,-1.0000000000,48,1.0000000000,49,0.0000000000,50,2.0000000000,51,1.0000000000,52,1.0000000000,53,-1.0000000000,54,2.0000000000,55,-2.0000000000,56,1.0000000000,57,1.0000000000,58,1.0000000000,59,-1.0000000000,60,2.0000000000,61,-2.0000000000,62,-2.0000000000,63,1.0000000000,64,-2.0000000000,65,0.0000000000,66,2.0000000000,67,1.0000000000,68,0.0000000000,69,-2.0000000000,70,0.0000000000,71,2.0000000000,72,0.0000000000,73,2.0000000000,74,-2.0000000000,75,2.0000000000,76,-2.0000000000,77,1.0000000000,78,1.0000000000,79,-2.0000000000
37,0,0.0000000000,85,-1.0000000000,48,-1.0000000000,49,0.0000000000,50,-2.0000000000,51,-2.0000000000,52,-2.0000000000,53,2.0000000000,54,0.0000000000,55,-1.0000000000,56,0.0000000000,57,2.0000000000,58,-2.0000000000,59,1.0000000000,60,-2.0000000000,61,-2.0000000000,62,2.0000000000,63,0.0000000000,64,0.0000000000,65,0.0000000000,66,-2.0000000000,67,1.0000000000,68,2.0000000000,69,2.0000000000,70,1.0000000000,71,1.0000000000,72,-1.0000000000,73,0.0000000000,74,1.0000000000,75,-1.0000000000,76,2.0000000000,77,1.0000000000,78,2.0000000000,79,2.0000000000
38,0,0.0000000000,86,-1.0000000000,48,-2.0000000000,49,1.0000000000,50,2.0000000000,51,-1.0000000000,52,0.0000000000,53,-2.0000000000,54,1.0000000000,55,2.0000000000,56,2.0000000000,57,-2.0000000000,58,-2.0000000000,59,1.0000000000,60,1.0000000000,61,-2.0000000000,62,1.0000000000,63,2.0000000000,64,-1.0000000000,65,1.0000000000,66,2.0000000000,67,0.0000000000,68,1.0000000000,69,0.0000000000,70,0.0000000000,71,-1.0000000000,72,-2.0000000000,73,-2.0000000000,74,-1.0000000000,75,0.0000000000,76,-1.0000000000,77,-2.0000000000,78,1.0000000000,79,-2.0000000000
39,0,0.0000000000,87,-1.0000000000,48,0.0000000000,49,-1.0000000000,50,-2.0000000000,51,-2.0000000000,52,1.0000000000,53,1.0000000000,54,1.0000000000,55,2.0000000000,56,-1.0000000000,57,-2.0000000000,58,0.0000000000,59,1.0000000000,60,2.0000000000,61,-1.0000000000,62,-1.0000000000,63,2.0000000000,64,1.0000000000,65,-1.0000000000,66,-2.0000000000,67,2.0000000000,68,-2.0000000000,69,1.0000000000,70,2.0000000000,71,-1.0000000000,72,-1.0000000000,73,-1.0000000000,74,1.0000000000,75,0.0000000000,76,-2.0000000000,77,1.0000000000,78,-2.0000000000,79,-1.0000000000
40,0,0.0000000000,88,-1.0000000000,48,0.0000000000,49,-1.0000000000,50,0.0000000000,51,0.0000000000,52,2.0000000000,53,2.0000000000,54,2.0000000000,55,0.0000000000,56,2.0000000000,57,2.0000000000,58,-1.0000000000,59,-1.0000000000,60,0.0000000000,61,-1.0000000000,62,2.0000000000,63,2.0000000000,64,0.0000000000,65,0.0000000000,66,-2.0000000000,67,2.0000000000,68,2.0000000000,69,2.0000000000,70,-1.0000000000,71,0.0000000000,72,1.0000000000,73,-1.0000000000,74,-1.0000000000,75,-1.0000000000,76,-2.0000000000,77,-1.0000000000,78,-2.0000000000,79,0.0000000000
41,0,0.0000000000,89,-1.0000000000,48,1.0000000000,49,-2.0000000000,50,-1.0000000000,51,1.0000000000,52,2.0000000000,53,1.0000000000,54,-2.0000000000,55,-1.0000000000,56,-2.0000000000,57,-1.0000000000,58,1.0000000000,59,-2.0000000000,60,0.0000000000,61,0.0000000000,62,-1.0000000000,63,2.0000000000,64,2.0000000000,65,-1.0000000000,66,-1.0000000000,67,2.0000000000,68,-2.0000000000,69,-2.0000000000,70,-1.0000000000,71,1.0000000000,72,1.0000000000,73,-1.0000000000,74,2.0000000000,75,-2.0000000000,76,2.0000000000,77,0.0000000000,78,2.0000000000,79,1.0000000000
42,0,0.0000000000,90,-1.0000000000,48,1.0000000000,49,-2.0000000000,50,-2.0000000000,51,0.0000000000,52,-1.0000000000,53,-1.0000000000,54,2.0000000000,55,-1.0000000000,56,-1.0000000000,57,2.0000000000,58,0.0000000000,59,0.0000000000,60,-2.0000000000,61,-1.0000000000,62,-1.0000000000,63,-1.0000000000,64,-2.0000000000,65,2.0000000000,66,0.0000000000,67,-1.0000000000,68,0.0000000000,69,-1.0000000000,70,-1.0000000000,71,-1.0000000000,72,0.0000000000,73,0.0000000000,74,0.0000000000,75,-2.0000000000,76,0.0000000000,77,-1.0000000000,78,0.0000000000,79,-2.0000000000
43,0,0.0000000000,91,-1.0000000000,48,1.0000000000,49,2.0000000000,50,1.0000000000,51,0.0000000000,52,-1.0000000000,53,0.0000000000,54,1.0000000000,55,-2.0000000000,56,-2.0000000000,57,1.0000000000,58,1.0000000000,59,0.0000000000,60,1.0000000000,61,2.0000000000,62,-2.0000000000,63,0.0000000000,64,1.0000000000,65,-1.0000000000,66,0.0000000000,67,2.0000000000,68,1.0000000000,69,0.0000000000,70,1.0000000000,71,2.0000000000,72,0.0000000000,73,1.0000000000,74,0.0000000000,75,2.0000000000,76,2.0000000000,77,-2.0000000000,78,0.0000000000,79,-2.0000000000
44,0,0.0000000000,92,-1.0000000000,48,-1.0000000000,49,1.0000000000,50,1.0000000000,51,-2.0000000000,52,0.0000000000,53,-1.0000000000,54,2.0000000000,55,-1.0000000000,56,1.0000000000,57,1.0000000000,58,2.0000000000,59,-2.0000000000,60,-2.0000000000,61,-2.0000000000,62,1.0000000000,63,-1.0000000000,64,2.0000000000,65,0.0000000000,66,1.0000000000,67,-2.0000000000,68,-2.0000000000,69,2.0000000000,70,2.0000000000,71,2.0000000000,72,-2.0000000000,73,-2.0000000000,74,-2.0000000000,75,-2.0000000000,76,-1.0000000000,77,1.0000000000,78,2.0000000000,79,2.0000000000
45,0,0.0000000000,93,-1.0000000000,48,0.0000000000,49,-1.0000000000,50,2.0000000000,51,-1.0000000000,52,-1.0000000000,53,2.0000000000,54,1.0000000000,55,2.0000000000,56,-1.0000000000,57,0.0000000000,58,-1.0000000000,59,2.0000000000,60,1.0000000000,61,0.0000000000,62,-2.0000000000,63,2.0000000000,64,-2.0000000000,65,2.0000000000,66,1.0000000000,67,-1.0000000000,68,2.0000000000,69,-2.0000000000,70,-1.0000000000,71,-1.0000000000,72,0.0000000000,73,2.0000000000,74,1.0000000000,75,-1.0000000000,76,0.0000000000,77,2.0000000000,78,-2.0000000000,79,1.0000000000
46,0,0.0000000000,94,-1.0000000000,48,0.0000000000,49,2.0000000000,50,0.0000000000,51,1.0000000000,52,0.0000000000,53,0.0000000000,54,0.0000000000,55,0.0000000000,56,-1.0000000000,57,-2.0000000000,58,2.0000000000,59,-2.0000000000,60,2.0000000000,61,1.0000000000,62,0.0000000000,63,-2.0000000000,64,-1.0000000000,65,-1.0000000000,66,1.0000000000,67,1.0000000000,68,-2.0000000000,69,0.0000000000,70,-2.0000000000,71,-2.0000000000,72,-2.0000000000,73,2.0000000000,74,-2.0000000000,75,1.0000000000,76,2.0000000000,77,1.0000000000,78,-1.0000000000,79,1.0000000000
47,0,0.0000000000,95,-1.0000000000,48,0.0000000000,49,0.0000000000,50,-2.0000000000,51,-2.0000000000,52,2.0000000000,53,-1.0000000000,54,0.0000000000,55,2.0000000000,56,1.0000000000,57,1.0000000000,58,1.0000000000,59,-2.0000000000,60,-2.0000000000,61,-2.0000000000,62,1.0000000000,63,-1.0000000000,64,1.0000000000,65,-2.0000000000,66,2.0000000000,67,-1.0000000000,68,0.0000000000,69,-2.0000000000,70,1.0000000000,71,1.0000000000,72,0.0000000000,73,1.0000000000,74,2.0000000000,75,-2.0000000000,76,-2.0000000000,77,2.0000000000,78,-2.0000000000,79,0.0000000000
48,0,0.0000000000,96,-1.0000000000,48,-1.0000000000,49,1.0000000000,50,-2.0000000000,51,-2.0000000000,52,0.0000000000,53,-1.0000000000,54,0.0000000000,55,1.0000000000,56,0.0000000000,57,1.0000000000,58,1.0000000000,59,-1.0000000000,60,-2.0000000000,61,1.0000000000,62,-2.0000000000,63,-1.0000000000,64,1.0000000000,65,-1.0000000000,66,2.0000000000,67,2.0000000000,68,1.0000000000,69,2.0000000000,70,2.0000000000,71,-1.0000000000,72,-1.0000000000,73,1.0000000000,74,0.0000000000,75,-1.0000000000,76,-2.0000000000,77,2.0000000000,78,1.0000000000,79,-2.0000000000
49,0,0.0000000000,97,-1.0000000000,48,1.0000000000,49,-2.0000000000,50,1.0000000000,51,2.0000000000,52,-2.0000000000,53,-2.0000000000,54,-2.0000000000,55,1.0000000000,56,1.0000000000,57,1.0000000000,58,0.0000000000,59,2.0000000000,60,2.0000000000,61,-1.0000000000,62,0.0000000000,63,0.0000000000,64,-1.0000000000,65,-1.0000000000,66,0.0000000000,67,-2.0000000000,68,0.0000000000,69,2.0000000000,70,0.0000000000,71,-2.0000000000,72,-2.0000000000,73,-2.0000000000,74,0.0000000000,75,1.0000000000,76,-2.0000000000,77,-1.0000000000,78,-1.0000000000,79,-1.0000000000
50,0,0.0000000000,98,-1.0000000000,48,0.0000000000,49,1.0000000000,50,2.0000000000,51,-2.0000000000,52,-1.0000000000,53,1.0000000000,54,2.0000000000,55,0.0000000000,56,-2.0000000000,57,1.0000000000,58,1.0000000000,59,2.0000000000,60,2.0000000000,61,-2.0000000000,62,0.0000000000,63,-2.0000000000,64,1.0000000000,65,-1.0000000000,66,-1.0000000000,67,0.0000000000,68,-2.0000000000,69,2.0000000000,70,0.0000000000,71,1.0000000000,72,-2.0000000000,73,-2.0000000000,74,0.0000000000,75,-2.0000000000,76,2.0000000000,77,0.0000000000,78,1.0000000000,79,-2.0000000000
51,0,0.0000000000,99,-1.0000000000,48,2.0000000000,49,0.0000000000,50,2.0000000000,51,2.0000000000,52,1.0000000000,53,-1.0000000000,54,2.0000000000,55,2.0000000000,56,-2.0000000000,57,0.0000000000,58,-1.0000000000,59,-1.0000000000,60,0.0000000000,61,-2.0000000000,62,0.0000000000,63,-2.0000000000,64,1.0000000000,65,2.0000000000,66,0.0000000000,67,1.0000000000,68,0.0000000000,69,2.0000000000,70,-1.0000000000,71,-2.0000000000,72,2.0000000000,73,-2.0000000000,74,0.0000000000,75,2.0000000000,76,-1.0000000000,77,-1.0000000000,78,2.0000000000,79,2.0000000000
52,0,0.0000000000,100,-1.0000000000,48,2.0000000000,49,2.0000000000,50,-1.0000000000,51,1.0000000000,52,0.0000000000,53,1.0000000000,54,0.0000000000,55,2.0000000000,56,1.0000000000,57,-1.0000000000,58,1.0000000000,59,-2.0000000000,60,2.0000000000,61,2.0000000000,62,1.0000000000,63,0.0000000000,64,2.0000000000,65,0.0000000000,66,0.0000000000,67,-2.0000000000,68,0.0000000000,69,-2.0000000000,70,2.0000000000,71,1.0000000000,72,1.0000000000,73,2.0000000000,74,-2.0000000000,75,0.0000000000,76,2.0000000000,77,1.0000000000,78,0.0000000000,79,-2.0000000000
53,0,0.0000000000,101,-1.0000000000,48,-1.0000000000,49,0.0000000000,50,0.0000000000,51,2.0000000000,52,-2.0000000000,53,-1.0000000000,54,-1.0000000000,55,0.0000000000,56,-2.0000000000,57,1.0000000000,58,-2.0000000000,59,-1.0000000000,60,2.0000000000,61,2.0000000000,62,0.0000000000,63,-2.0000000000,64,-1.0000000000,65,0.0000000000,66,0.0000000000,67,0.0000000000,68,0.0000000000,69,2.0000000000,70,-1.0000000000,71,-1.0000000000,72,0.0000000000,73,-1.0000000000,74,2.0000000000,75,0.0000000000,76,1.0000000000,77,1.0000000000,78,-2.0000000000,79,0.0000000000
54,0,0.0000000000,102,-1.0000000000,48,2.0000000000,49,2.0000000000,50,0.0000000000,51,-1.0000000000,52,0.0000000000,53,1.0000000000,54,2.0000000000,55,1.0000000000,56,-1.0000000000,57,-1.0000000000,58,-2.0000000000,59,1.0000000000,60,-2.0000000000,61,-2.0000000000,62,1.0000000000,63,1.0000000000,64,-2.0000000000,65,1.0000000000,66,2.0000000000,67,0.0000000000,68,1.0000000000,69,-2.0000000000,70,1.0000000000,71,0.0000000000,72,1.0000000000,73,-1.0000000000,74,1.0000000000,75,1.0000000000,76,0.0000000000,77,-2.0000000000,78,1.0000000000,79,-1.0000000000
55,0,0.0000000000,103,-1.0000000000,48,2.0000000000,49,-2.0000000000,50,-2.0000000000,51,0.0000000000,52,-1.0000000000,53,2.0000000000,54,1.0000000000,55,-2.0000000000,56,-2.0000000000,57,0.0000000000,58,1.0000000000,59,-1.0000000000,60,2.0000000000,61,-1.0000000000,62,-2.0000000000,63,1.0000000000,64,0.0000000000,65,-1.0000000000,66,1.0000000000,67,-2.0000000000,68,0.0000000000,69,1.0000000000,70,-1.0000000000,71,-2.0000000000,72,0.0000000000,73,-2.0000000000,74,2.0000000000,75,2.0000000000,76,-1.0000000000,77,1.0000000000,78,2.0000000000,79,-2.0000000000
56,0,0.0000000000,104,-1.0000000000,48,0.0000000000,49,2.0000000000,50,-1.0000000000,51,-2.0000000000,52,1.0000000000,53,2.0000000000,54,-2.0000000000,55,0.0000000000,56,1.0000000000,57,1.0000000000,58,1.0000000000,59,2.0000000000,60,0.0000000000,61,1.0000000000,62,-1.0000000000,63,-2.0000000000,64,0.0000000000,65,0.0000000000,66,-2.0000000000,67,-2.0000000000,68,2.0000000000,69,2.0000000000,70,0.0000000000,71,1.0000000000,72,2.0000000000,73,-1.0000000000,74,-1.0000000000,75,1.0000000000,76,-1.0000000000,77,2.0000000000,78,0.0000000000,79,0.0000000000
57,0,0.0000000000,105,-1.0000000000,48,2.0000000000,49,-2.0000000000,50,2.0000000000,51,2.0000000000,52,1.0000000000,53,-2.0000000000,54,0.0000000000,55,-1.0000000000,56,2.0000000000,57,0.0000000000,58,-2.0000000000,59,-2.0000000000,60,-1.0000000000,61,1.0000000000,62,1.0000000000,63,2.0000000000,64,0.0000000000,65,-2.0000000000,66,0.0000000000,67,0.0000000000,68,0.0000000000,69,0.0000000000,70,2.0000000000,71,-2.0000000000,72,2.0000000000,73,1.0000000000,74,-2.0000000000,75,1.0000000000,76,-2.0000000000,77,2.0000000000,78,2.0000000000,79,-1.0000000000
58,0,0.0000000000,106,-1.0000000000,48,0.0000000000,49,0.0000000000,50,-1.0000000000,51,-2.0000000000,52,-1.0000000000,53,-1.0000000000,54,2.0000000000,55,1.0000000000,56,-2.0000000000,57,0.0000000000,58,0.0000000000,59,1.0000000000,60,0.0000000000,61,-2.0000000000,62,1.0000000000,63,-1.0000000000,64,0.0000000000,65,1.0000000000,66,2.0000000000,67,0.0000000000,68,1.0000000000,69,1.0000000000,70,0.0000000000,71,-2.0000000000,72,1.0000000000,73,0.0000000000,74,0.0000000000,75,1.0000000000,76,-1.0000000000,77,-1.0000000000,78,0.0000000000,79,0.0000000000
59,0,0.0000000000,107,-1.0000000000,48,-2.0000000000,49,1.0000000000,50,-2.0000000000,51,-2.0000000000,52,-2.0000000000,53,2.0000000000,54,0.0000000000,55,1.0000000000,56,-2.0000000000,57,2.0000000000,58,-1.0000000000,59,0.0000000000,60,0.0000000000,61,2.0000000000,62,2.0000000000,63,2.0000000000,64,-2.0000000000,65,-2.0000000000,66,1.0000000000,67,1.0000000000,68,2.0000000000,69,-2.0000000000,70,-2.0000000000,71,2.0000000000,72,1.0000000000,73,0.0000000000,74,1.0000000000,75,2.0000000000,76,-2.0000000000,77,1.0000000000,78,-1.0000000000,79,0.0000000000
60,0,0.0000000000,108,-1.0000000000,48,0.0000000000,49,-1.0000000000,50,2.0000000000,51,1.0000000000,52,-1.0000000000,53,1.0000000000,54,2.0000000000,55,-2.0000000000,56,0.0000000000,57,-2.0000000000,58,1.0000000000,59,-1.0000000000,60,-1.0000000000,61,0.0000000000,62,-1.0000000000,63,1.0000000000,64,2.0000000000,65,-2.0000000000,66,-2.0000000000,67,2.0000000000,68,-1.0000000000,69,2.0000000000,70,-2.0000000000,71,1.0000000000,72,0.0000000000,73,-2.0000000000,74,-2.0000000000,75,2.0000000000,76,-2.0000000000,77,-2.0000000000,78,1.0000000000,79,-2.0000000000
61,0,0.0000000000,109,-1.0000000000,48,1.0000000000,49,2.0000000000,50,-2.0000000000,51,-2.0000000000,52,-2.0000000000,53,-2.0000000000,54,2.0000000000,55,2.0000000000,56,0.0000000000,57,0.0000000000,58,-1.0000000000,59,-2.0000000000,60,2.0000000000,61,2.0000000000,62,-1.0000000000,63,-1.0000000000,64,-2.0000000000,65,-1.0000000000,66,-1.0000000000,67,0.0000000000,68,1.0000000000,69,1.0000000000,70,-2.0000000000,71,-1.0000000000,72,0.0000000000,73,1.0000000000,74,2.0000000000,75,-2.0000000000,76,0.0000000000,77,1.0000000000,78,2.0000000000,79,1.0000000000
62,0,0.0000000000,110,-1.0000000000,48,0.0000000000,49,-2.0000000000,50,-2.0000000000,51,-2.0000000000,52,2.0000000000,53,1.0000000000,54,-1.0000000000,55,1.0000000000,56,2.0000000000,57,-2.0000000000,58,-2.0000000000,59,-1.0000000000,60,2.0000000000,61,1.0000000000,62,-1.0000000000,63,-1.0000000000,64,-1.0000000000,65,-1.0000000000,66,0.0000000000,67,1.0000000000,68,-1.0000000000,69,1.0000000000,70,2.0000000000,71,1.0000000000,72,2.0000000000,73,0.0000000000,74,-2.0000000000,75,-1.0000000000,76,1.0000000000,77,-1.0000000000,78,-2.0000000000,79,-1.0000000000
63,0,0.0000000000,111,-1.0000000000,48,-2.0000000000,49,-1.0000000000,50,-1.0000000000,51,-2.0000000000,52,1.0000000000,53,0.0000000000,54,0.0000000000,55,0.0000000000,56,2.0000000000,57,1.0000000000,58,-2.0000000000,59,2.0000000000,60,0.0000000000,61,2.0000000000,62,-2.0000000000,63,2.0000000000,64,-1.0000000000,65,1.0000000000,66,1.0000000000,67,0.0000000000,68,0.0000000000,69,-2.0000000000,70,1.0000000000,71,1.0000000000,72,-2.0000000000,73,0.0000000000,74,2.0000000000,75,2.0000000000,76,-1.0000000000,77,-2.0000000000,78,-2.0000000000,79,2.0000000000
64,0,0.0000000000,112,-1.0000000000,48,0.0000000000,49,0.0000000000,50,0.0000000000,51,1.0000000000,52,-1.0000000000,53,2.0000000000,54,1.0000000000,55,-1.0000000000,56,-2.0000000000,57,2.0000000000,58,2.0000000000,59,-2.0000000000,60,-2.0000000000,61,-1.0000000000,62,2.0000000000,63,1.0000000000,64,-2.0000000000,65,-2.0000000000,66,1.0000000000,67,-1.0000000000,68,0.0000000000,69,2.0000000000,70,2.0000000000,71,-1.0000000000,72,-1.0000000000,73,1.0000000000,74,1.0000000000,75,2.0000000000,76,1.0000000000,77,2.0000000000,78,-1.0000000000,79,-2.0000000000
65,0,0.0000000000,113,-1.0000000000,48,0.0000000000,49,1.0000000000,50,2.0000000000,51,2.0000000000,52,1.0000000000,53,-1.0000000000,54,-1.0000000000,55,-2.0000000000,56,1.0000000000,57,1.0000000000,58,1.0000000000,59,2.0000000000,60,0.0000000000,61,0.0000000000,62,0.0000000000,63,-1.0000000000,64,-2.0000000000,65,1.0000000000,66,-2.0000000000,67,-1.0000000000,68,2.0000000000,69,1.0000000000,70,-2.0000000000,71,0.0000000000,72,-1.0000000000,73,0.0000000000,74,-1.0000000000,75,-2.0000000000,76,-1.0000000000,77,-2.0000000000,78,-2.0000000000,79,1.0000000000
66,0,0.0000000000,114,-1.0000000000,48,-2.0000000000,49,2.0000000000,50,-1.0000000000,51,2.0000000000,52,-1.0000000000,53,1.0000000000,54,-2.0000000000,55,-1.0000000000,56,-2.0000000000,57,-2.0000000000,58,2.0000000000,59,1.0000000000,60,0.0000000000,61,1.0000000000,62,-2.0000000000,63,0.0000000000,64,2.0000000000,65,-1.0000000000,66,-2.0000000000,67,-1.0000000000,68,-2.0000000000,69,0.0000000000,70,-2.0000000000,71,0.0000000000,72,1.0000000000,73,-1.0000000000,74,0.0000000000,75,2.0000000000,76,-2.0000000000,77,-1.0000000000,78,2.0000000000,79,1.0000000000
67,0,0.0000000000,115,-1.0000000000,48,-1.0000000000,49,2.0000000000,50,-1.0000000000,51,1.0000000000,52,-1.0000000000,53,-2.0000000000,54,1.0000000000,55,-1.0000000000,56,2.0000000000,57,-1.0000000000,58,2.0000000000,59,1.0000000000,60,0.0000000000,61,0.0000000000,62,-2.0000000000,63,2.0000000000,64,1.0000000000,65,2.0000000000,66,1.0000000000,67,0.0000000000,68,2.0000000000,69,-1.0000000000,70,0.0000000000,71,-2.0000000000,72,2.0000000000,73,0.0000000000,74,0.0000000000,75,1.0000000000,76,1.0000000000,77,1.0000000000,78,1.0000000000,79,-1.0000000000
68,0,0.0000000000,116,-1.0000000000,48,0.0000000000,49,-2.0000000000,50,-2.0000000000,51,2.0000000000,52,0.0000000000,53,1.0000000000,54,-2.0000000000,55,-2.0000000000,56,-2.0000000000,57,1.0000000000,58,-2.0000000000,59,-1.0000000000,60,1.0000000000,61,0.0000000000,62,0.0000000000,63,0.0000000000,64,-2.0000000000,65,2.0000000000,66,-2.0000000000,67,-2.0000000000,68,-1.0000000000,69,0.0000000000,70,1.0000000000,71,1.0000000000,72,-2.0000000000,73,0.0000000000,74,2.0000000000,75,2.0000000000,76,1.0000000000,77,-1.0000000000,78,-1.0000000000,79,-2.0000000000
69,0,0.0000000000,117,-1.0000000000,48,1.0000000000,49,-2.0000000000,50,-2.0000000000,51,0.0000000000,52,0.0000000000,53,2.0000000000,54,0.0000000000,55,0.0000000000,56,1.0000000000,57,-1.0000000000,58,2.0000000000,59,2.0000000000,60,2.0000000000,61,2.0000000000,62,-2.0000000000,63,1.0000000000,64,-1.0000000000,65,0.0000000000,66,-1.0000000000,67,0.0000000000,68,1.0000000000,69,0.0000000000,70,-2.0000000000,71,-1.0000000000,72,-2.0000000000,73,2.0000000000,74,2.0000000000,75,-2.0000000000,76,2.0000000000,77,-1.0000000000,78,0.0000000000,79,-2.0000000000
70,0,0.0000000000,118,-1.0000000000,48,-1.0000000000,49,1.0000000000,50,-1.0000000000,51,0.0000000000,52,2.0000000000,53,2.0000000000,54,1.0000000000,55,0.0000000000,56,2.0000000000,57,-2.0000000000,58,2.0000000000,59,2.0000000000,60,1.0000000000,61,-1.0000000000,62,-1.0000000000,63,-1.0000000000,64,0.0000000000,65,-2.0000000000,66,-1.0000000000,67,-2.0000000000,68,-2.0000000000,69,0.0000000000,70,-2.0000000000,71,0.0000000000,72,2.0000000000,73,-1.0000000000,74,2.0000000000,75,-1.0000000000,76,1.0000000000,77,1.0000000000,78,0.0000000000,79,2.0000000000
71,0,0.0000000000,119,-1.0000000000,48,-2.0000000000,49,-2.0000000000,50,-2.0000000000,51,0.0000000000,52,1.0000000000,53,0.0000000000,54,-2.0000000000,55,-1.0000000000,56,-2.0000000000,57,0.0000000000,58,2.0000000000,59,2.0000000000,60,-1.0000000000,61,0.0000000000,62,2.0000000000,63,-1.0000000000,64,0.0000000000,65,-1.0000000000,66,1.0000000000,67,2.0000000000,68,-1.0000000000,69,2.0000000000,70,2.0000000000,71,-2.0000000000,72,0.0000000000,73,0.0000000000,74,0.0000000000,75,-1.0000000000,76,-2.0000000000,77,-1.0000000000,78,-1.0000000000,79,0.0000000000
72,0,0.0000000000,120,-1.0000000000,48,-1.0000000000,49,0.0000000000,50,0.0000000000,51,1.0000000000,52,1.0000000000,53,0.0000000000,54,0.0000000000,55,-1.0000000000,56,-1.0000000000,57,0.0000000000,58,0.0000000000,59,-2.0000000000,60,-1.0000000000,61,2.0000000000,62,2.0000000000,63,0.0000000000,64,-1.0000000000,65,2.0000000000,66,-2.0000000000,67,-1.0000000000,68,-1.0000000000,69,0.0000000000,70,-1.0000000000,71,2.0000000000,72,2.0000000000,73,-1.0000000000,74,2.0000000000,75,-2.0000000000,76,-2.0000000000,77,-1.0000000000,78,2.0000000000,79,-2.0000000000
73,0,0.0000000000,121,-1.0000000000,48,0.0000000000,49,-2.0000000000,50,-2.0000000000,51,1.0000000000,52,-2.0000000000,53,-1.0000000000,54,-1.0000000000,55,1.0000000000,56,2.0000000000,57,0.0000000000,58,-1.0000000000,59,-2.0000000000,60,0.0000000000,61,1.0000000000,62,2.0000000000,63,1.0000000000,64,1.0000000000,65,0.0000000000,66,0.0000000000,67,-2.0000000000,68,0.0000000000,69,-2.0000000000,70,1.0000000000,71,1.0000000000,72,0.0000000000,73,0.0000000000,74,-1.0000000000,75,-2.0000000000,76,-2.0000000000,77,-2.0000000000,78,-2.0000000000,79,-1.0000000000
74,0,0.0000000000,122,-1.0000000000,48,1.0000000000,49,2.0000000000,50,1.0000000000,51,0.0000000000,52,-1.0000000000,53,1.0000000000,54,2.0000000000,55,-2.0000000000,56,0.0000000000,57,1.0000000000,58,-1.0000000000,59,-1.0000000000,60,2.0000000000,61,1.0000000000,62,-2.0000000000,63,-2.0000000000,64,1.0000000000,65,1.0000000000,66,-1.0000000000,67,2.0000000000,68,1.0000000000,69,0.0000000000,70,0.0000000000,71,1.0000000000,72,1.0000000000,73,-1.0000000000,74,1.0000000000,75,-1.0000000000,76,0.0000000000,77,1.0000000000,78,-1.0000000000,79,-1.0000000000
75,0,0.0000000000,123,-1.0000000000,48,2.0000000000,49,0.0000000000,50,1.0000000000,51,-1.0000000000,52,2.0000000000,53,0.0000000000,54,-1.0000000000,55,2.0000000000,56,1.0000000000,57,0.0000000000,58,0.0000000000,59,-1.0000000000,60,1.0000000000,61,0.0000000000,62,1.0000000000,63,-2.0000000000,64,2.0000000000,65,2.0000000000,66,0.0000000000,67,1.0000000000,68,-2.0000000000,69,2.0000000000,70,-2.0000000000,71,0.0000000000,72,-2.0000000000,73,0.0000000000,74,2.0000000000,75,1.0000000000,76,-2.0000000000,77,0.0000000000,78,2.0000000000,79,-1.0000000000
76,0,0.0000000000,124,-1.0000000000,48,2.0000000000,49,2.0000000000,50,-1.0000000000,51,0.0000000000,52,-2.0000000000,53,-2.0000000000,54,-1.0000000000,55,0.0000000000,56,-1.0000000000,57,-1.0000000000,58,-1.0000000000,59,1.0000000000,60,0.0000000000,61,2.0000000000,62,1.0000000000,63,-1.0000000000,64,0.0000000000,65,0.0000000000,66,1.0000000000,67,1.0000000000,68,2.0000000000,69,-1.0000000000,70,-1.0000000000,71,2.0000000000,72,-2.0000000000,73,2.0000000000,74,-2.0000000000,75,2.0000000000,76,1.0000000000,77,-2.0000000000,78,1.0000000000,79,1.0000000000
77,0,0.0000000000,125,-1.0000000000,48,1.0000000000,49,-1.0000000000,50,-2.0000000000,51,-2.0000000000,52,-1.0000000000,53,-1.0000000000,54,2.0000000000,55,-2.0000000000,56,1.0000000000,57,2.0000000000,58,0.0000000000,59,0.0000000000,60,-2.0000000000,61,0.0000000000,62,-1.0000000000,63,-1.0000000000,64,0.0000000000,65,1.0000000000,66,0.0000000000,67,-1.0000000000,68,-2.0000000000,69,0.0000000000,70,0.0000000000,71,2.0000000000,72,1.0000000000,73,2.0000000000,74,1.0000000000,75,1.0000000000,76,1.0000000000,77,1.0000000000,78,-1.0000000000,79,-1.0000000000
78,0,0.0000000000,126,-1.0000000000,48,2.0000000000,49,-1.0000000000,50,-1.0000000000,51,1.0000000000,52,0.0000000000,53,-1.0000000000,54,-2.0000000000,55,0.0000000000,56,-2.0000000000,57,0.0000000000,58,1.0000000000,59,1.0000000000,60,-2.0000000000,61,-1.0000000000,62,0.0000000000,63,-2.0000000000,64,0.0000000000,65,1.0000000000,66,2.0000000000,67,0.0000000000,68,-2.0000000000,69,0.0000000000,70,0.0000000000,71,-2.0000000000,72,-1.0000000000,73,-2.0000000000,74,1.0000000000,75,0.0000000000,76,-2.0000000000,77,0.0000000000,78,1.0000000000,79,1.0000000000
79,0,0.0000000000,127,-1.0000000000,48,1.0000000000,49,0.0000000000,50,-1.0000000000,51,-2.0000000000,52,0.0000000000,53,0.0000000000,54,-1.0000000000,55,0.0000000000,56,0.0000000000,57,1.0000000000,58,2.0000000000,59,-1.0000000000,60,1.0000000000,61,2.0000000000,62,-1.0000000000,63,-2.0000000000,64,0.0000000000,65,0.0000000000,66,-1.0000000000,67,-2.0000000000,68,-2.0000000000,69,-2.0000000000,70,-2.0000000000,71,0.0000000000,72,2.0000000000,73,0.0000000000,74,-2.0000000000,75,-1.0000000000,76,-2.0000000000,77,-1.0000000000,78,0.0000000000,79,0.0000000000
80,0,0.0000000000,128,-1.0000000000,48,1.0000000000,49,-1.0000000000,50,-1.0000000000,51,2.0000000000,52,0.0000000000,53,-1.0000000000,54,2.0000000000,55,2.0000000000,56,1.0000000000,57,1.0000000000,58,1.0000000000,59,1.0000000000,60,0.0000000000,61,1.0000000000,62,-2.0000000000,63,1.0000000000,64,1.0000000000,65,2.0000000000,66,1.0000000000,67,-1.0000000000,68,-2.0000000000,69,0.0000000000,70,1.0000000000,71,0.0000000000,72,1.0000000000,73,0.0000000000,74,-2.0000000000,75,0.0000000000,76,2.0000000000,77,1.0000000000,78,0.0000000000,79,0.0000000000
81,0,0.0000000000,129,-1.0000000000,48,2.0000000000,49,0.0000000000,50,-1.0000000000,51,1.0000000000,52,-1.0000000000,53,-2.0000000000,54,2.0000000000,55,-2.0000000000,56,1.0000000000,57,0.0000000000,58,1.0000000000,59,-2.0000000000,60,0.0000000000,61,-1.0000000000,62,2.0000000000,63,0.0000000000,64,2.0000000000,65,2.0000000000,66,-2.0000000000,67,0.0000000000,68,1.0000000000,69,-1.0000000000,70,0.0000000000,71,-2.0000000000,72,0.0000000000,73,0.0000000000,74,-2.0000000000,75,2.0000000000,76,1.0000000000,77,1.0000000000,78,1.0000000000,79,0.0000000000
82,0,0.0000000000,130,-1.0000000000,48,0.0000000000,49,0.0000000000,50,1.0000000000,51,1.0000000000,52,-2.0000000000,53,0.0000000000,54,-1.0000000000,55,-1.0000000000,56,-2.0000000000,57,1.0000000000,58,1.0000000000,59,0.0000000000,60,2.0000000000,61,2.0000000000,62,1.0000000000,63,-1.0000000000,64,0.0000000000,65,2.0000000000,66,0.0000000000,67,-1.0000000000,68,0.0000000000,69,2.0000000000,70,-2.0000000000,71,0.0000000000,72,1.0000000000,73,-1.0000000000,74,-2.0000000000,75,1.0000000000,76,2.0000000000,77,0.0000000000,78,-1.0000000000,79,-2.0000000000
83,0,0.0000000000,131,-1.0000000000,48,-2.0000000000,49,0.0000000000,50,1.0000000000,51,1.0000000000,52,1.0000000000,53,-2.0000000000,54,-2.0000000000,55,1.0000000000,56,1.0000000000,57,2.0000000000,58,0.0000000000,59,1.0000000000,60,-2.0000000000,61,0.0000000000,62,0.0000000000,63,0.0000000000,64,0.0000000000,65,0.0000000000,66,0.0000000000,67,-2.0000000000,68,1.0000000000,69,1.0000000000,70,1.0000000000,71,-2.0000000000,72,-2.0000000000,73,0.0000000000,74,2.0000000000,75,2.0000000000,76,0.0000000000,77,1.0000000000,78,-1.0000000000,79,2.0000000000
84,0,0.0000000000,132,-1.0000000000,48,-1.0000000000,49,-1.0000000000,50,1.0000000000,51,-1.0000000000,52,1.0000000000,53,2.0000000000,54,-1.0000000000,55,-1.0000000000,56,-1.0000000000,57,1.0000000000,58,-1.0000000000,59,2.0000000000,60,-1.0000000000,61,-2.0000000000,62,0.0000000000,63,-1.0000000000,64,1.0000000000,65,-1.0000000000,66,0.0000000000,67,-2.0000000000,68,2.0000000000,69,-2.0000000000,70,0.0000000000,71,-1.0000000000,72,-2.0000000000,73,-2.0000000000,74,0.0000000000,75,1.0000000000,76,-2.0000000000,77,-2.0000000000,78,2.0000000000,79,1.0000000000
85,0,0.0000000000,133,-1.0000000000,48,0.0000000000,49,1.0000000000,50,-1.0000000000,51,2.0000000000,52,-2.0000000000,53,0.0000000000,54,-1.0000000000,55,2.0000000000,56,2.0000000000,57,2.0000000000,58,2.0000000000,59,2.0000000000,60,0.0000000000,61,1.0000000000,62,-2.0000000000,63,0.0000000000,64,2.0000000000,65,0.0000000000,66,-1.0000000000,67,2.0000000000,68,0.0000000000,69,-1.0000000000,70,0.0000000000,71,1.0000000000,72,1.0000000000,73,1.0000000000,74,-2.0000000000,75,-2.0000000000,76,0.0000000000,77,0.0000000000,78,1.0000000000,79,2.0000000000
86,0,0.0000000000,134,-1.0000000000,48,2.0000000000,49,0.0000000000,50,2.0000000000,51,1.0000000000,52,0.0000000000,53,0.0000000000,54,0.0000000000,55,-2.0000000000,56,2.0000000000,57,0.0000000000,58,-2.0000000000,59,1.0000000000,60,1.0000000000,61,1.0000000000,62,0.0000000000,63,2.0000000000,64,0.0000000000,65,0.0000000000,66,1.0000000000,67,2.0000000000,68,1.0000000000,69,0.0000000000,70,1.0000000000,71,-2.0000000000,72,-1.0000000000,73,2.0000000000,74,-1.0000000000,75,0.0000000000,76,2.0000000000,77,2.0000000000,78,0.0000000000,79,-2.0000000000
87,0,0.0000000000,135,-1.0000000000,48,2.0000000000,49,1.0000000000,50,1.0000000000,51,2.0000000000,52,1.0000000000,53,-1.0000000000,54,0.0000000000,55,1.0000000000,56,-2.0000000000,57,-2.0000000000,58,-1.0000000000,59,0.0000000000,60,1.0000000000,61,0.0000000000,62,1.0000000000,63,-1.0000000000,64,2.0000000000,65,2.0000000000,66,-2.0000000000,67,-2.0000000000,68,2.0000000000,69,1.0000000000,70,-2.0000000000,71,1.0000000000,72,-2.0000000000,73,-1.0000000000,74,-2.0000000000,75,0.0000000000,76,2.0000000000,77,-2.0000000000,78,-2.0000000000,79,-1.0000000000
88,0,0.0000000000,136,-1.0000000000,48,2.0000000000,49,2.0000000000,50,-2.0000000000,51,2.0000000000,52,-2.0000000000,53,0.0000000000,54,2.0000000000,55,2.0000000000,56,-1.0000000000,57,1.0000000000,58,0.0000000000,59,-1.0000000000,60,1.0000000000,61,1.0000000000,62,-1.0000000000,63,-2.0000000000,64,-1.0000000000,65,-1.0000000000,66,-1.0000000000,67,2.0000000000,68,-1.0000000000,69,2.0000000000,70,1.0000000000,71,1.0000000000,72,1.0000000000,73,1.0000000000,74,0.0000000000,75,1.0000000000,76,1.0000000000,77,2.0000000000,78,-1.0000000000,79,2.0000000000
89,0,0.0000000000,137,-1.0000000000,48,2.0000000000,49,-2.0000000000,50,2.0000000000,51,2.0000000000,52,-2.0000000000,53,0.0000000000,54,0.0000000000,55,2.0000000000,56,2.0000000000,57,2.0000000000,58,2.0000000000,59,-2.0000000000,60,-1.0000000000,61,1.0000000000,62,-1.0000000000,63,-2.0000000000,64,2.0000000000,65,-2.0000000000,66,2.0000000000,67,1.0000000000,68,-2.0000000000,69,0.0000000000,70,2.0000000000,71,-2.0000000000,72,2.0000000000,73,-2.0000000000,74,-2.0000000000,75,-2.0000000000,76,0.0000000000,77,2.0000000000,78,0.0000000000,79,0.0000000000
90,0,0.0000000000,138,-1.0000000000,48,2.0000000000,49,0.0000000000,50,2.0000000000,51,1.0000000000,52,-2.0000000000,53,0.0000000000,54,1.0000000000,55,2.0000000000,56,1.0000000000,57,0.0000000000,58,1.0000000000,59,-1.0000000000,60,1.0000000000,61,0.0000000000,62,-1.0000000000,63,-1.0000000000,64,-1.0000000000,65,1.0000000000,66,2.0000000000,67,0.0000000000,68,1.0000000000,69,0.0000000000,70,0.0000000000,71,1.0000000000,72,2.0000000000,73,-1.0000000000,74,-2.0000000000,75,1.0000000000,76,-2.0000000000,77,0.0000000000,78,1.0000000000,79,1.0000000000
91,0,0.0000000000,139,-1.0000000000,48,0.0000000000,49,-1.0000000000,50,0.0000000000,51,0.0000000000,52,-2.0000000000,53,-2.0000000000,54,-2.0000000000,55,0.0000000000,56,2.0000000000,57,-2.0000000000,58,-1.0000000000,59,1.0000000000,60,-1.0000000000,61,1.0000000000,62,1.0000000000,63,2.0000000000,64,2.0000000000,65,0.0000000000,66,-1.0000000000,67,2.0000000000,68,-2.0000000000,69,2.0000000000,70,2.0000000000,71,-2.0000000000,72,-1.0000000000,73,-1.0000000000,74,-2.0000000000,75,2.0000000000,76,-1.0000000000,77,1.0000000000,78,-1.0000000000,79,-1.0000000000
92,0,0.0000000000,140,-1.0000000000,48,-2.0000000000,49,0.0000000000,50,-2.0000000000,51,2.0000000000,52,1.0000000000,53,0.0000000000,54,-2.0000000000,55,1.0000000000,56,-1.0000000000,57,-1.0000000000,58,0.0000000000,59,-2.0000000000,60,2.0000000000,61,2.0000000000,62,-2.0000000000,63,2.0000000000,64,0.0000000000,65,2.0000000000,66,1.0000000000,67,2.0000000000,68,0.0000000000,69,0.0000000000,70,0.0000000000,71,-2.0000000000,72,2.0000000000,73,-1.0000000000,74,-2.0000000000,75,1.0000000000,76,-1.0000000000,77,-1.0000000000,78,0.0000000000,79,-2.0000000000
93,0,0.0000000000,141,-1.0000000000,48,0.0000000000,49,0.0000000000,50,0.0000000000,51,-1.0000000000,52,0.0000000000,53,1.0000000000,54,-2.0000000000,55,-1.0000000000,56,2.0000000000,57,-2.0000000000,58,0.0000000000,59,0.0000000000,60,-2.0000000000,61,-1.0000000000,62,-2.0000000000,63,-2.0000000000,64,0.0000000000,65,2.0000000000,66,0.0000000000,67,-2.0000000000,68,0.0000000000,69,1.0000000000,70,2.0000000000,71,-1.0000000000,72,-1.0000000000,73,2.0000000000,74,1.0000000000,75,0.0000000000,76,2.0000000000,77,-2.0000000000,78,0.0000000000,79,1.0000000000
94,0,0.0000000000,142,-1.0000000000,48,-2.0000000000,49,0.0000000000,50,2.0000000000,51,2.0000000000,52,-2.0000000000,53,2.0000000000,54,1.0000000000,55,0.0000000000,56,-1.0000000000,57,-1.0000000000,58,2.0000000000,59,0.0000000000,60,1.0000000000,61,1.0000000000,62,-2.0000000000,63,-1.0000000000,64,-2.0000000000,65,1.0000000000,66,2.0000000000,67,2.0000000000,68,-1.0000000000,69,2.0000000000,70,-2.0000000000,71,-2.0000000000,72,2.0000000000,73,-2.0000000000,74,-2.0000000000,75,1.0000000000,76,-2.0000000000,77,0.0000000000,78,0.0000000000,79,2.0000000000
95,0,0.0000000000,143,-1.0000000000,48,-1.0000000000,49,-1.0000000000,50,-2.0000000000,51,0.0000000000,52,0.0000000000,53,1.0000000000,54,1.0000000000,55,-2.0000000000,56,0.0000000000,57,-1.0000000000,58,1.0000000000,59,-2.0000000000,60,1.0000000000,61,0.0000000000,62,-1.0000000000,63,-2.0000000000,64,0.0000000000,65,-1.0000000000,66,0.0000000000,67,1.0000000000,68,-2.0000000000,69,-1.0000000000,70,1.0000000000,71,1.0000000000,72,-1.0000000000,73,1.0000000000,74,2.0000000000,75,-1.0000000000,76,1.0000000000,77,0.0000000000,78,-1.0000000000,79,1.0000000000
96,0,0.0000000000,208,-1.0000000000,144,1.0000000000,145,1.0000000000,146,-2.0000000000,147,2.0000000000,148,2.0000000000,149,-2.0000000000,150,0.0000000000,151,0.0000000000,152,2.0000000000,153,1.0000000000,154,-1.0000000000,155,1.0000000000,156,1.0000000000,157,1.0000000000,158,2.0000000000,159,0.0000000000,160,-2.0000000000,161,2.0000000000,162,2.0000000000,163,1.0000000000,164,0.0000000000,165,0.0000000000,166,1.0000000000,167,2.0000000000,168,-1.0000000000,169,0.0000000000,170,-1.0000000000,171,1.0000000000,172,0.0000000000,173,0.0000000000,174,1.0000000000,175,2.0000000000,176,-2.0000000000,177,-2.0000000000,178,2.0000000000,179,1.0000000000,180,2.0000000000,181,0.0000000000,182,-1.0000000000,183,-2.0000000000,184,-2.0000000000,185,1.0000000000,186,-2.0000000000,187,-1.0000000000,188,1.0000000000,189,-1.0000000000,190,1.0000000000,191,0.0000000000,192,0.0000000000,193,1.0000000000,194,0.0000000000,195,-1.0000000000,196,1.0000000000,197,-1.0000000000,198,0.0000000000,199,-2.0000000000,200,-1.0000000000,201,-2.0000000000,202,-1.0000000000,203,2.0000000000,204,2.0000000000,205,0.0000000000,206,1.0000000000,207,-1.0000000000
97,0,0.0000000000,209,-1.0000000000,144,0.0000000000,145,2.0000000000,146,2.0000000000,147,2.0000000000,148,1.0000000000,149,1.0000000000,150,2.0000000000,151,-2.0000000000,152,2.0000000000,153,-1.0000000000,154,0.0000000000,155,-1.0000000000,156,-2.0000000000,157,-2.0000000000,158,0.0000000000,159,-1.0000000000,160,1.0000000000,161,-2.0000000000,162,2.0000000000,163,-2.0000000000,164,-2.0000000000,165,0.0000000000,166,-2.0000000000,167,2.0000000000,168,1.0000000000,169,2.0000000000,170,0.0000000000,171,-2.0000000000,172,1.0000000000,173,-2.0000000000,174,-1.0000000000,175,-1.0000000000,176,1.0000000000,177,1.0000000000,178,1.0000000000,179,2.0000000000,180,-1.0000000000,181,-1.0000000000,182,2.0000000000,183,-2.0000000000,184,-2.0000000000,185,2.0000000000,186,0.0000000000,187,0.0000000000,188,-1.0000000000,189,0.0000000000,190,-2.0000000000,191,1.0000000000,192,1.0000000000,193,0.0000000000,194,-2.0000000000,195,0.0000000000,196,0.0000000000,197,2.0000000000,198,1.0000000000,199,-1.0000000000,200,2.0000000000,201,0.0000000000,202,-2.0000000000,203,-2.0000000000,204,-2.0000000000,205,-1.0000000000,206,2.0000000000,207,2.0000000000
98,0,0.0000000000,210,-1.0000000000,144,-2.0000000000,145,1.0000000000,146,0.0000000000,147,1.0000000000,148,-1.0000000000,149,2.0000000000,150,-2.0000000000,151,-1.0000000000,152,-1.0000000000,153,0.0000000000,154,0.0000000000,155,1.0000000000,156,1.0000000000,157,2.0000000000,158,1.0000000000,159,0.0000000000,160,1.0000000000,161,-1.0000000000,162,0.0000000000,163,1.0000000000,164,1.0000000000,165,-1.0000000000,166,2.0000000000,167,1.0000000000,168,1.0000000000,169,-1.0000000000,170,1.0000000000,171,-2.0000000000,172,1.0000000000,173,-1.0000000000,174,2.0000000000,175,-2.0000000000,176,-1.0000000000,177,0.0000000000,178,1.0000000000,179,-2.0000000000,180,1.0000000000,181,-2.0000000000,182,-2.0000000000,183,1.0000000000,184,2.0000000000,185,-2.0000000000,186,0.0000000000,187,-2.0000000000,188,2.0000000000,189,0.0000000000,190,-2.0000000000,191,-2.0000000000,192,-1.0000000000,193,-2.0000000000,194,-2.0000000000,195,1.0000000000,196,-1.0000000000,197,1.0000000000,198,0.0000000000,199,-1.0000000000,200,-2.0000000000,201,2.0000000000,202,-1.0000000000,203,0.0000000000,204,-1.0000000000,205,-1.0000000000,206,0.0000000000,207,-1.0000000000
99,0,0.0000000000,211,-1.0000000000,144,2.0000000000,145,1.0000000000,146,1.0000000000,147,0.0000000000,148,2.0000000000,149,0.0000000000,150,-2.0000000000,151,-1.0000000000,152,1.0000000000,153,0.0000000000,154,-1.0000000000,155,-1.0000000000,156,-1.0000000000,157,-2.0000000000,158,0.0000000000,159,0.0000000000,160,-2.0000000000,161,2.0000000000,162,2.0000000000,163,-2.0000000000,164,-2.0000000000,165,-1.0000000000,166,1.0000000000,167,-2.0000000000,168,2.0000000000,169,2.0000000000,170,-2.0000000000,171,0.0000000000,172,0.0000000000,173,2.0000000000,174,0.0000000000,175,2.0000000000,176,-1.0000000000,177,2.0000000000,178,2.0000000000,179,-1.0000000000,180,-2.0000000000,181,2.0000000000,182,2.0000000000,183,-2.0000000000,184,-2.0000000000,185,0.0000000000,186,1.0000000000,187,-1.0000000000,188,0.0000000000,189,0.0000000000,190,2.0000000000,191,1.0000000000,192,-2.0000000000,193,2.0000000000,194,2.0000000000,195,1.0000000000,196,1.0000000000,197,0.0000000000,198,2.0000000000,199,-1.0000000000,200,2.0000000000,201,2.0000000000,202,1.0000000000,203,0.0000000000,204,0.0000000000,205,0.0000000000,206,-2.0000000000,207,-2.0000000000
100,0,0.0000000000,212,-1.0000000000,144,-1.0000000000,145,2.0000000000,146,2.0000000000,147,0.0000000000,148,2.0000000000,149,-1.0000000000,150,1.0000000000,151,-2.0000000000,152,1.0000000000,153,2.0000000000,154,-1.0000000000,155,-2.0000000000,156,1.0000000000,157,1.0000000000,158,-1.0000000000,159,-1.0000000000,160,2.0000000000,161,1.0000000000,162,-1.0000000000,163,2.0000000000,164,0.0000000000,165,-2.0000000000,166,2.0000000000,167,-2.0000000000,168,-2.0000000000,169,1.0000000000,170,-1.0000000000,171,2.0000000000,172,1.0000000000,173,0.0000000000,174,-1.0000000000,175,-2.0000000000,176,-2.0000000000,177,1.0000000000,178,-1.0000000000,179,1.0000000000,180,1.0000000000,181,2.0000000000,182,0.0000000000,183,-1.0000000000,184,-2.0000000000,185,-1.0000000000,186,2.0000000000,187,2.0000000000,188,0.0000000000,189,0.0000000000,190,-2.0000000000,191,1.0000000000,192,1.0000000000,193,2.0000000000,194,-1.0000000000,195,1.0000000000,196,-2.0000000000,197,-2.0000000000,198,1.0000000000,199,1.0000000000,200,-2.0000000000,201,1.0000000000,202,1.0000000000,203,-2.0000000000,204,2.0000000000,205,1.0000000000,206,-2.0000000000,207,2.0000000000
101,0,0.0000000000,213,-1.0000000000,144,-2.0000000000,145,2.0000000000,146,-1.0000000000,147,2.0000000000,148,1.0000000000,149,-1.0000000000,150,-2.0000000000,151,-1.0000000000,152,0.0000000000,153,0.0000000000,154,1.0000000000,155,-2.0000000000,156,2.0000000000,157,2.0000000000,158,0.0000000000,159,0.0000000000,160,0.0000000000,161,2.0000000000,162,0.0000000000,163,0.0000000000,164,-2.0000000000,165,2.0000000000,166,2.0000000000,167,0.0000000000,168,-2.0000000000,169,1.0000000000,170,-1.0000000000,171,0.0000000000,172,0.0000000000,173,-2.0000000000,174,0.0000000000,175,2.0000000000,176,1.0000000000,177,1.0000000000,178,-1.0000000000,179,2.0000000000,180,2.0000000000,181,1.0000000000,182,-1.0000000000,183,-1.0000000000,184,-1.0000000000,185,-2.0000000000,186,1.0000000000,187,0.0000000000,188,0.0000000000,189,-2.0000000000,190,-2.0000000000,191,-2.0000000000,192,0.0000000000,193,1.0000000000,194,-1.0000000000,195,0.0000000000,196,0.0000000000,197,1.0000000000,198,2.0000000000,199,-2.0000000000,200,-1.0000000000,201,-1.0000000000,202,-2.0000000000,203,1.0000000000,204,-1.0000000000,205,2.0000000000,206,2.0000000000,207,1.0000000000
102,0,0.0000000000,214,-1.0000000000,144,-1.0000000000,145,-2.0000000000,146,1.0000000000,147,1.0000000000,148,2.0000000000,149,2.0000000000,150,-1.0000000000,151,0.0000000000,152,-1.0000000000,153,-1.0000000000,154,0.0000000000,155,0.0000000000,156,-1.0000000000,157,-2.0000000000,158,1.0000000000,159,0.0000000000,160,2.0000000000,161,-2.0000000000,162,-1.0000000000,163,2.0000000000,164,1.0000000000,165,-2.0000000000,166,2.0000000000,167,0.0000000000,168,-1.0000000000,169,-2.0000000000,170,0.0000000000,171,0.0000000000,172,2.0000000000,173,-1.0000000000,174,-2.0000000000,175,-1.0000000000,176,0.0000000000,177,1.0000000000,178,-2.0000000000,179,1.0000000000,180,-1.0000000000,181,2.0000000000,182,1.0000000000,183,2.0000000000,184,1.0000000000,185,0.0000000000,186,-2.0000000000,187,-1.0000000000,188,1.0000000000,189,-1.0000000000,190,1.0000000000,191,0.0000000000,192,2.0000000000,193,0.0000000000,194,2.0000000000,195,2.0000000000,196,-2.0000000000,197,1.0000000000,198,-1.0000000000,199,1.0000000000,200,-2.0000000000,201,0.0000000000,202,-2.0000000000,203,-1.0000000000,204,2.0000000000,205,-1.0000000000,206,2.0000000000,207,0.0000000000
103,0,0.0000000000,215,-1.0000000000,144,-1.0000000000,145,2.0000000000,146,-2.0000000000,147,1.0000000000,148,1.0000000000,149,0.0000000000,150,-1.0000000000,151,1.0000000000,152,-2.0000000000,153,-1.0000000000,154,1.0000000000,155,0.0000000000,156,-1.0000000000,157,2.0000000000,158,-2.0000000000,159,0.0000000000,160,-2.0000000000,161,-1.0000000000,162,2.0000000000,163,-2.0000000000,164,-1.0000000000,165,-2.0000000000,166,0.0000000000,167,2.0000000000,168,0.0000000000,169,0.0000000000,170,-1.0000000000,171,2.0000000000,172,-2.0000000000,173,2.0000000000,174,-1.0000000000,175,-1.0000000000,176,0.0000000000,177,-1.0000000000,178,-2.0000000000,179,2.0000000000,180,-1.0000000000,181,2.0000000000,182,-1.0000000000,183,-2.0000000000,184,-1.0000000000,185,0.0000000000,186,2.0000000000,187,1.0000000000,188,-1.0000000000,189,-2.0000000000,190,1.0000000000,191,0.0000000000,192,0.0000000000,193,-2.0000000000,194,2.0000000000,195,-2.0000000000,196,0.0000000000,197,0.0000000000,198,-1.0000000000,199,0.0000000000,200,-1.0000000000,201,1.0000000000,202,-1.0000000000,203,-2.0000000000,204,-2.0000000000,205,1.0000000000,206,2.0000000000,207,-2.0000000000
104,0,0.0000000000,216,-1.0000000000,144,2.0000000000,145,1.0000000000,146,0.0000000000,147,-1.0000000000,148,2.0000000000,149,-2.0000000000,150,0.0000000000,151,2.0000000000,152,1.0000000000,153,1.0000000000,154,0.0000000000,155,-1.0000000000,156,-1.0000000000,157,-1.0000000000,158,1.0000000000,159,1.0000000000,160,1.0000000000,161,-2.0000000000,162,1.0000000000,163,2.0000000000,164,1.0000000000,165,0.0000000000,166,0.0000000000,167,1.0000000000,168,-1.0000000000,169,0.0000000000,170,1.0000000000,171,2.0000000000,172,-2.0000000000,173,-2.0000000000,174,1.0000000000,175,-1.0000000000,176,0.0000000000,177,-1.0000000000,178,2.0000000000,179,-1.0000000000,180,-1.0000000000,181,-1.0000000000,182,-1.0000000000,183,2.0000000000,184,2.0000000000,185,2.0000000000,186,-1.0000000000,187,-2.0000000000,188,-2.0000000000,189,-2.0000000000,190,1.0000000000,191,1.0000000000,192,0.0000000000,193,1.0000000000,194,1.0000000000,195,1.0000000000,196,0.0000000000,197,-1.0000000000,198,-2.0000000000,199,0.0000000000,200,0.0000000000,201,-1.0000000000,202,-2.0000000000,203,0.0000000000,204,2.0000000000,205,1.0000000000,206,-2.0000000000,207,0.0000000000
105,0,0.0000000000,217,-1.0000000000,144,2.0000000000,145,-1.0000000000,146,-1.0000000000,147,-2.0000000000,148,2.0000000000,149,1.0000000000,150,0.0000000000,151,-2.0000000000,152,2.0000000000,153,-2.0000000000,154,-2.0000000000,155,2.0000000000,156,1.0000000000,157,2.0000000000,158,2.0000000000,159,-2.0000000000,160,-1.0000000000,161,-1.0000000000,162,0.0000000000,163,-2.0000000000,164,1.0000000000,165,1.0000000000,166,-1.0000000000,167,2.0000000000,168,-1.0000000000,169,-2.0000000000,170,2.0000000000,171,-2.0000000000,172,2.0000000000,173,1.0000000000,174,1.0000000000,175,2.0000000000,176,0.0000000000,177,-1.0000000000,178,1.0000000000,179,1.0000000000,180,2.0000000000,181,0.0000000000,182,-1.0000000000,183,0.0000000000,184,-1.0000000000,185,-1.0000000000,186,1.0000000000,187,2.0000000000,188,2.0000000000,189,-1.0000000000,190,-2.0000000000,191,-2.0000000000,192,-2.0000000000,193,-2.0000000000,194,1.0000000000,195,-1.0000000000,196,-1.0000000000,197,-2.0000000000,198,-1.0000000000,199,-1.0000000000,200,1.0000000000,201,2.0000000000,202,-2.0000000000,203,2.0000000000,204,1.0000000000,205,2.0000000000,206,1.0000000000,207,0.0000000000
106,0,0.0000000000,218,-1.0000000000,144,-1.0000000000,145,2.0000000000,146,-2.0000000000,147,0.0000000000,148,0.0000000000,149,-2.0000000000,150,0.0000000000,151,-2.0000000000,152,0.0000000000,153,-2.0000000000,154,0.0000000000,155,2.0000000000,156,1.0000000000,157,2.0000000000,158,1.0000000000,159,-1.0000000000,160,-1.0000000000,161,-1.0000000000,162,-1.0000000000,163,2.0000000000,164,2.0000000000,165,2.0000000000,166,-1.0000000000,167,-2.0000000000,168,0.0000000000,169,-2.0000000000,170,-2.0000000000,171,1.0000000000,172,-2.0000000000,173,-2.0000000000,174,0.0000000000,175,1.0000000000,176,-2.0000000000,177,1.0000000000,178,1.0000000000,179,1.0000000000,180,-2.0000000000,181,2.0000000000,182,0.0000000000,183,1.0000000000,184,-2.0000000000,185,1.0000000000,186,0.0000000000,187,2.0000000000,188,2.0000000000,189,-2.0000000000,190,-2.0000000000,191,2.0000000000,192,-2.0000000000,193,1.0000000000,194,0.0000000000,195,0.0000000000,196,0.0000000000,197,1.0000000000,198,-1.0000000000,199,-2.0000000000,200,2.0000000000,201,-2.0000000000,202,1.0000000000,203,-2.0000000000,204,-2.0000000000,205,2.0000000000,206,-1.0000000000,207,1.0000000000
107,0,0.0000000000,219,-1.0000000000,144,0.0000000000,145,1.0000000000,146,-2.0000000000,147,-2.0000000000,148,2.0000000000,149,1.0000000000,150,2.0000000000,151,2.0000000000,152,-2.0000000000,153,-2.0000000000,154,-1.0000000000,155,0.0000000000,156,-2.0000000000,157,1.0000000000,158,-1.0000000000,159,0.0000000000,160,-2.0000000000,161,-1.0000000000,162,1.0000000000,163,1.0000000000,164,2.0000000000,165,0.0000000000,166,-1.0000000000,167,-2.0000000000,168,0.0000000000,169,-1.0000000000,170,1.0000000000,171,1.0000000000,172,-1.0000000000,173,2.0000000000,174,2.0000000000,175,-2.0000000000,176,-2.0000000000,177,1.0000000000,178,2.0000000000,179,-2.0000000000,180,0.0000000000,181,-2.0000000000,182,0.0000000000,183,0.0000000000,184,-2.0000000000,185,1.0000000000,186,-2.0000000000,187,-2.0000000000,188,-1.0000000000,189,1.0000000000,190,-2.0000000000,191,-2.0000000000,192,2.0000000000,193,0.0000000000,194,0.0000000000,195,2.0000000000,196,1.0000000000,197,1.0000000000,198,-2.0000000000,199,1.0000000000,200,2.0000000000,201,-2.0000000000,202,-2.0000000000,203,0.0000000000,204,-1.0000000000,205,-1.0000000000,206,1.0000000000,207,2.0000000000
108,0,0.0000000000,220,-1.0000000000,144,-1.0000000000,145,-2.0000000000,146,0.0000000000,147,-1.0000000000,148,-2.0000000000,149,0.0000000000,150,-2.0000000000,151,2.0000000000,152,0.0000000000,153,0.0000000000,154,-2.0000000000,155,1.0000000000,156,-2.0000000000,157,-2.0000000000,158,0.0000000000,159,0.0000000000,160,-2.0000000000,161,2.0000000000,162,1.0000000000,163,1.0000000000,164,0.0000000000,165,-2.0000000000,166,1.0000000000,167,2.0000000000,168,0.0000000000,169,2.0000000000,170,0.0000000000,171,0.0000000000,172,-1.0000000000,173,-2.0000000000,174,0.0000000000,175,-1.0000000000,176,0.0000000000,177,0.0000000000,178,0.0000000000,179,-2.0000000000,180,2.0000000000,181,2.0000000000,182,2.0000000000,183,1.0000000000,184,2.0000000000,185,0.0000000000,186,-2.0000000000,187,-1.0000000000,188,1.0000000000,189,2.0000000000,190,-2.0000000000,191,0.0000000000,192,0.0000000000,193,1.0000000000,194,2.0000000000,195,-1.0000000000,196,1.0000000000,197,-2.0000000000,198,-1.0000000000,199,2.0000000000,200,1.0000000000,201,0.0000000000,202,-2.0000000000,203,-2.0000000000,204,0.0000000000,205,-1.0000000000,206,-2.0000000000,207,1.0000000000
109,0,0.0000000000,221,-1.0000000000,144,-1.0000000000,145,-1.0000000000,146,-1.0000000000,147,1.0000000000,148,1.0000000000,149,0.0000000000,150,-1.0000000000,151,-2.0000000000,152,1.0000000000,153,1.0000000000,154,1.0000000000,155,0.0000000000,156,1.0000000000,157,-1.0000000000,158,0.0000000000,159,1.0000000000,160,-1.0000000000,161,2.0000000000,162,0.0000000000,163,0.0000000000,164,-1.0000000000,165,2.0000000000,166,0.0000000000,167,1.0000000000,168,-2.0000000000,169,-2.0000000000,170,2.0000000000,171,0.0000000000,172,-1.0000000000,173,-1.0000000000,174,1.0000000000,175,-2.0000000000,176,0.0000000000,177,-1.0000000000,178,2.0000000000,179,2.0000000000,180,2.0000000000,181,-2.0000000000,182,1.0000000000,183,-2.0000000000,184,-2.0000000000,185,-2.0000000000,186,-1.0000000000,187,0.0000000000,188,0.0000000000,189,0.0000000000,190,0.0000000000,191,2.0000000000,192,-1.0000000000,193,-1.0000000000,194,-1.0000000000,195,1.0000000000,196,1.0000000000,197,2.0000000000,198,-2.0000000000,199,2.0000000000,200,-1.0000000000,201,0.0000000000,202,-1.0000000000,203,1.0000000000,204,-1.0000000000,205,0.0000000000,206,-1.0000000000,207,1.0000000000
110,0,0.0000000000,222,-1.0000000000,144,-1.0000000000,145,2.0000000000,146,0.0000000000,147,-1.0000000000,148,-2.0000000000,149,-1.0000000000,150,1.0000000000,151,-1.0000000000,152,2.0000000000,153,-1.0000000000,154,-2.0000000000,155,1.0000000000,156,2.0000000000,157,0.0000000000,158,-2.0000000000,159,-2.0000000000,160,2.0000000000,161,0.0000000000,162,-2.0000000000,163,0.0000000000,164,-2.0000000000,165,2.0000000000,166,1.0000000000,167,-1.0000000000,168,-1.0000000000,169,-2.0000000000,170,-2.0000000000,171,1.0000000000,172,1.0000000000,173,-2.0000000000,174,-1.0000000000,175,2.0000000000,176,0.0000000000,177,-2.0000000000,178,-1.0000000000,179,2.0000000000,180,1.0000000000,181,-1.0000000000,182,-2.0000000000,183,0.0000000000,184,0.0000000000,185,-1.0000000000,186,2.0000000000,187,2.0000000000,188,-2.0000000000,189,1.0000000000,190,1.0000000000,191,1.0000000000,192,-2.0000000000,193,1.0000000000,194,2.0000000000,195,2.0000000000,196,0.0000000000,197,0.0000000000,198,2.0000000000,199,-1.0000000000,200,1.0000000000,201,-2.0000000000,202,2.0000000000,203,1.0000000000,204,0.0000000000,205,1.0000000000,206,0.0000000000,207,1.0000000000
111,0,0.0000000000,240,-1.0000000000,224,-1.0000000000,225,2.0000000000,226,0.0000000000,227,0.0000000000,228,2.0000000000,229,1.0000000000,230,-2.0000000000,231,-1.0000000000,232,-2.0000000000,233,1.0000000000,234,-1.0000000000,235,2.0000000000,236,-1.0000000000,237,-2.0000000000,238,2.0000000000,239,0.0000000000
0,relu,48,16
1,relu,49,17
2,relu,50,18
3,relu,51,19
4,relu,52,20
5,relu,53,21
6,relu,54,22
7,relu,55,23
8,relu,56,24
9,relu,57,25
10,relu,58,26
11,relu,59,27
12,relu,60,28
13,relu,61,29
14,relu,62,30
15,relu,63,31
16,relu,64,32
17,relu,65,33
18,relu,66,34
19,relu,67,35
20,relu,68,36
21,relu,69,37
22,relu,70,38
23,relu,71,39
24,relu,72,40
25,relu,73,41
26,relu,74,42
27,relu,75,43
28,relu,76,44
29,relu,77,45
30,relu,78,46
31,relu,79,47
32,relu,144,80
33,relu,145,81
34,relu,146,82
35,relu,147,83
36,relu,148,84
37,relu,149,85
38,relu,150,86
39,relu,151,87
40,relu,152,88
41,relu,153,89
42,relu,154,90
43,relu,155,91
44,relu,156,92
45,relu,157,93
46,relu,158,94
47,relu,159,95
48,relu,160,96
49,relu,161,97
50,relu,162,98
51,relu,163,99
52,relu,164,100
53,relu,165,101
54,relu,166,102
55,relu,167,103
56,relu,168,104
57,relu,169,105
58,relu,170,106
59,relu,171,107
60,relu,172,108
61,relu,173,109
62,relu,174,110
63,relu,175,111
64,relu,176,112
65,relu,177,113
66,relu,178,114
67,relu,179,115
68,relu,180,116
69,relu,181,117
70,relu,182,118
71,relu,183,119
72,relu,184,120
73,relu,185,121
74,relu,186,122
75,relu,187,123
76,relu,188,124
77,relu,189,125
78,relu,190,126
79,relu,191,127
80,relu,192,128
81,relu,193,129
82,relu,194,130
83,relu,195,131
84,relu,196,132
85,relu,197,133
86,relu,198,134
87,relu,199,135
88,relu,200,136
89,relu,201,137
90,relu,202,138
91,relu,203,139
92,relu,204,140
93,relu,205,141
94,relu,206,142
95,relu,207,143
96,relu,224,208
97,relu,225,209
98,relu,226,210
99,relu,227,211
100,relu,228,212
101,relu,229,213
102,relu,230,214
103,relu,231,215
104,relu,232,216
105,relu,233,217
106,relu,234,218
107,relu,235,219
108,relu,236,220
109,relu,237,221
110,relu,238,222
111,relu,239,223
112,relu,241,240